9.140625000000000000e-01
9.218750000000000000e-01
9.375000000000000000e-01
9.218750000000000000e-01
9.296875000000000000e-01
9.296875000000000000e-01
9.296875000000000000e-01
8.984375000000000000e-01
9.218750000000000000e-01
9.140625000000000000e-01
9.062500000000000000e-01
9.218750000000000000e-01
9.296875000000000000e-01
9.375000000000000000e-01
9.296875000000000000e-01
9.296875000000000000e-01
9.375000000000000000e-01
9.218750000000000000e-01
9.140625000000000000e-01
9.296875000000000000e-01
9.375000000000000000e-01
8.984375000000000000e-01
9.375000000000000000e-01
9.375000000000000000e-01
9.531250000000000000e-01
9.218750000000000000e-01
9.609375000000000000e-01
9.843750000000000000e-01
9.687500000000000000e-01
9.296875000000000000e-01
9.453125000000000000e-01
9.296875000000000000e-01
8.906250000000000000e-01
9.218750000000000000e-01
9.375000000000000000e-01
9.531250000000000000e-01
9.296875000000000000e-01
9.296875000000000000e-01
9.140625000000000000e-01
8.906250000000000000e-01
8.984375000000000000e-01
9.296875000000000000e-01
9.218750000000000000e-01
8.828125000000000000e-01
9.062500000000000000e-01
8.906250000000000000e-01
8.906250000000000000e-01
9.062500000000000000e-01
8.906250000000000000e-01
9.062500000000000000e-01
9.062500000000000000e-01
8.984375000000000000e-01
8.671875000000000000e-01
8.906250000000000000e-01
8.750000000000000000e-01
8.437500000000000000e-01
8.593750000000000000e-01
8.671875000000000000e-01
8.515625000000000000e-01
8.671875000000000000e-01
9.062500000000000000e-01
9.218750000000000000e-01
9.296875000000000000e-01
9.062500000000000000e-01
9.375000000000000000e-01
9.296875000000000000e-01
9.062500000000000000e-01
8.906250000000000000e-01
9.062500000000000000e-01
9.453125000000000000e-01
9.140625000000000000e-01
8.906250000000000000e-01
9.062500000000000000e-01
9.140625000000000000e-01
8.906250000000000000e-01
8.828125000000000000e-01
9.218750000000000000e-01
8.984375000000000000e-01
8.984375000000000000e-01
8.984375000000000000e-01
9.140625000000000000e-01
9.062500000000000000e-01
8.906250000000000000e-01
9.062500000000000000e-01
9.140625000000000000e-01
8.906250000000000000e-01
8.984375000000000000e-01
8.671875000000000000e-01
8.515625000000000000e-01
8.437500000000000000e-01
8.593750000000000000e-01
8.281250000000000000e-01
8.203125000000000000e-01
8.750000000000000000e-01
8.750000000000000000e-01
8.281250000000000000e-01
8.359375000000000000e-01
8.671875000000000000e-01
9.375000000000000000e-01
8.984375000000000000e-01
9.375000000000000000e-01
9.375000000000000000e-01
9.062500000000000000e-01
8.750000000000000000e-01
8.906250000000000000e-01
9.218750000000000000e-01
8.906250000000000000e-01
8.984375000000000000e-01
9.296875000000000000e-01
9.296875000000000000e-01
8.984375000000000000e-01
9.375000000000000000e-01
9.531250000000000000e-01
8.828125000000000000e-01
8.984375000000000000e-01
8.984375000000000000e-01
9.062500000000000000e-01
8.515625000000000000e-01
8.750000000000000000e-01
8.984375000000000000e-01
9.375000000000000000e-01
8.828125000000000000e-01
9.062500000000000000e-01
9.375000000000000000e-01
9.062500000000000000e-01
8.671875000000000000e-01
8.984375000000000000e-01
8.984375000000000000e-01
8.593750000000000000e-01
8.906250000000000000e-01
9.140625000000000000e-01
9.218750000000000000e-01
8.828125000000000000e-01
9.375000000000000000e-01
9.218750000000000000e-01
8.828125000000000000e-01
8.906250000000000000e-01
9.140625000000000000e-01
8.828125000000000000e-01
8.828125000000000000e-01
8.984375000000000000e-01
9.218750000000000000e-01
8.593750000000000000e-01
8.750000000000000000e-01
8.671875000000000000e-01
8.515625000000000000e-01
8.281250000000000000e-01
8.046875000000000000e-01
8.359375000000000000e-01
8.046875000000000000e-01
8.203125000000000000e-01
8.593750000000000000e-01
8.906250000000000000e-01
8.515625000000000000e-01
8.671875000000000000e-01
8.750000000000000000e-01
8.593750000000000000e-01
8.125000000000000000e-01
8.437500000000000000e-01
8.671875000000000000e-01
8.593750000000000000e-01
8.593750000000000000e-01
8.906250000000000000e-01
9.140625000000000000e-01
8.593750000000000000e-01
9.062500000000000000e-01
8.906250000000000000e-01
8.359375000000000000e-01
8.437500000000000000e-01
8.515625000000000000e-01
8.515625000000000000e-01
8.515625000000000000e-01
8.437500000000000000e-01
9.062500000000000000e-01
9.375000000000000000e-01
9.296875000000000000e-01
9.140625000000000000e-01
9.218750000000000000e-01
9.140625000000000000e-01
8.828125000000000000e-01
8.906250000000000000e-01
9.218750000000000000e-01
9.140625000000000000e-01
8.828125000000000000e-01
9.218750000000000000e-01
9.296875000000000000e-01
9.218750000000000000e-01
8.906250000000000000e-01
8.906250000000000000e-01
8.593750000000000000e-01
8.359375000000000000e-01
8.437500000000000000e-01
1.000000000000000000e+00
9.921875000000000000e-01
9.765625000000000000e-01
9.843750000000000000e-01
9.687500000000000000e-01
9.609375000000000000e-01
9.375000000000000000e-01
8.828125000000000000e-01
8.515625000000000000e-01
9.062500000000000000e-01
9.765625000000000000e-01
9.921875000000000000e-01
9.843750000000000000e-01
9.921875000000000000e-01
9.843750000000000000e-01
9.843750000000000000e-01
9.609375000000000000e-01
9.609375000000000000e-01
9.453125000000000000e-01
8.828125000000000000e-01
7.968750000000000000e-01
7.812500000000000000e-01
8.437500000000000000e-01
8.906250000000000000e-01
8.515625000000000000e-01
8.359375000000000000e-01
9.687500000000000000e-01
9.531250000000000000e-01
8.984375000000000000e-01
8.203125000000000000e-01
8.359375000000000000e-01
8.515625000000000000e-01
8.046875000000000000e-01
8.046875000000000000e-01
8.906250000000000000e-01
9.531250000000000000e-01
9.453125000000000000e-01
9.218750000000000000e-01
9.531250000000000000e-01
8.671875000000000000e-01
8.046875000000000000e-01
8.437500000000000000e-01
8.906250000000000000e-01
8.515625000000000000e-01
8.671875000000000000e-01
8.984375000000000000e-01
8.750000000000000000e-01
9.609375000000000000e-01
9.375000000000000000e-01
9.140625000000000000e-01
9.296875000000000000e-01
8.828125000000000000e-01
8.515625000000000000e-01
8.515625000000000000e-01
8.125000000000000000e-01
7.812500000000000000e-01
7.578125000000000000e-01
7.421875000000000000e-01
8.046875000000000000e-01
9.609375000000000000e-01
9.375000000000000000e-01
9.531250000000000000e-01
9.140625000000000000e-01
9.140625000000000000e-01
9.531250000000000000e-01
9.453125000000000000e-01
9.140625000000000000e-01
9.296875000000000000e-01
9.296875000000000000e-01
8.906250000000000000e-01
8.671875000000000000e-01
8.750000000000000000e-01
9.140625000000000000e-01
9.062500000000000000e-01
9.140625000000000000e-01
9.218750000000000000e-01
8.984375000000000000e-01
8.515625000000000000e-01
8.906250000000000000e-01
9.218750000000000000e-01
9.218750000000000000e-01
8.671875000000000000e-01
8.828125000000000000e-01
8.750000000000000000e-01
8.515625000000000000e-01
8.281250000000000000e-01
8.125000000000000000e-01
8.046875000000000000e-01
7.812500000000000000e-01
7.500000000000000000e-01
7.421875000000000000e-01
7.656250000000000000e-01
7.812500000000000000e-01
8.125000000000000000e-01
7.890625000000000000e-01
7.812500000000000000e-01
8.281250000000000000e-01
9.140625000000000000e-01
8.828125000000000000e-01
8.593750000000000000e-01
9.375000000000000000e-01
9.843750000000000000e-01
8.437500000000000000e-01
8.828125000000000000e-01
8.906250000000000000e-01
8.515625000000000000e-01
8.906250000000000000e-01
9.062500000000000000e-01
8.906250000000000000e-01
8.437500000000000000e-01
8.671875000000000000e-01
8.437500000000000000e-01
7.968750000000000000e-01
8.203125000000000000e-01
8.515625000000000000e-01
8.437500000000000000e-01
8.906250000000000000e-01
9.609375000000000000e-01
9.921875000000000000e-01
9.687500000000000000e-01
9.218750000000000000e-01
9.765625000000000000e-01
9.687500000000000000e-01
9.609375000000000000e-01
8.984375000000000000e-01
9.453125000000000000e-01
9.375000000000000000e-01
8.828125000000000000e-01
8.906250000000000000e-01
8.750000000000000000e-01
8.671875000000000000e-01
8.046875000000000000e-01
8.281250000000000000e-01
9.062500000000000000e-01
9.218750000000000000e-01
9.375000000000000000e-01
9.609375000000000000e-01
9.375000000000000000e-01
9.453125000000000000e-01
9.453125000000000000e-01
9.531250000000000000e-01
9.687500000000000000e-01
