8.281250000000000000e-01
8.359375000000000000e-01
8.515625000000000000e-01
8.593750000000000000e-01
8.593750000000000000e-01
8.828125000000000000e-01
8.671875000000000000e-01
8.671875000000000000e-01
8.671875000000000000e-01
8.906250000000000000e-01
8.906250000000000000e-01
8.984375000000000000e-01
8.906250000000000000e-01
8.906250000000000000e-01
8.437500000000000000e-01
8.203125000000000000e-01
8.671875000000000000e-01
8.984375000000000000e-01
8.984375000000000000e-01
8.984375000000000000e-01
9.062500000000000000e-01
9.140625000000000000e-01
9.140625000000000000e-01
9.218750000000000000e-01
9.296875000000000000e-01
9.296875000000000000e-01
9.296875000000000000e-01
9.140625000000000000e-01
8.828125000000000000e-01
8.671875000000000000e-01
9.843750000000000000e-01
9.609375000000000000e-01
9.531250000000000000e-01
8.984375000000000000e-01
9.218750000000000000e-01
9.062500000000000000e-01
8.828125000000000000e-01
9.140625000000000000e-01
9.296875000000000000e-01
9.062500000000000000e-01
8.984375000000000000e-01
8.984375000000000000e-01
9.218750000000000000e-01
8.828125000000000000e-01
9.062500000000000000e-01
9.218750000000000000e-01
9.062500000000000000e-01
9.218750000000000000e-01
9.375000000000000000e-01
1.000000000000000000e+00
9.609375000000000000e-01
9.609375000000000000e-01
1.007812500000000000e+00
9.531250000000000000e-01
9.687500000000000000e-01
9.687500000000000000e-01
9.453125000000000000e-01
9.453125000000000000e-01
9.375000000000000000e-01
8.984375000000000000e-01
9.375000000000000000e-01
9.609375000000000000e-01
1.007812500000000000e+00
1.007812500000000000e+00
9.843750000000000000e-01
1.015625000000000000e+00
9.921875000000000000e-01
1.000000000000000000e+00
1.031250000000000000e+00
9.921875000000000000e-01
9.921875000000000000e-01
1.031250000000000000e+00
9.921875000000000000e-01
9.921875000000000000e-01
1.015625000000000000e+00
1.007812500000000000e+00
1.015625000000000000e+00
1.039062500000000000e+00
1.093750000000000000e+00
1.031250000000000000e+00
1.070312500000000000e+00
1.046875000000000000e+00
9.765625000000000000e-01
1.062500000000000000e+00
1.148437500000000000e+00
1.085937500000000000e+00
1.195312500000000000e+00
1.179687500000000000e+00
1.125000000000000000e+00
1.125000000000000000e+00
1.031250000000000000e+00
1.046875000000000000e+00
1.078125000000000000e+00
1.007812500000000000e+00
1.039062500000000000e+00
1.023437500000000000e+00
1.031250000000000000e+00
1.078125000000000000e+00
1.062500000000000000e+00
1.289062500000000000e+00
1.234375000000000000e+00
1.210937500000000000e+00
1.210937500000000000e+00
1.195312500000000000e+00
1.187500000000000000e+00
1.171875000000000000e+00
1.164062500000000000e+00
1.125000000000000000e+00
1.132812500000000000e+00
1.085937500000000000e+00
1.085937500000000000e+00
1.070312500000000000e+00
1.023437500000000000e+00
1.023437500000000000e+00
1.007812500000000000e+00
9.921875000000000000e-01
9.921875000000000000e-01
1.031250000000000000e+00
9.921875000000000000e-01
1.031250000000000000e+00
1.039062500000000000e+00
1.039062500000000000e+00
1.054687500000000000e+00
1.070312500000000000e+00
1.062500000000000000e+00
1.070312500000000000e+00
1.117187500000000000e+00
1.046875000000000000e+00
1.039062500000000000e+00
1.031250000000000000e+00
1.015625000000000000e+00
1.039062500000000000e+00
1.007812500000000000e+00
1.015625000000000000e+00
1.039062500000000000e+00
1.023437500000000000e+00
1.101562500000000000e+00
1.140625000000000000e+00
1.171875000000000000e+00
1.234375000000000000e+00
1.171875000000000000e+00
1.187500000000000000e+00
1.148437500000000000e+00
1.132812500000000000e+00
1.109375000000000000e+00
1.062500000000000000e+00
1.070312500000000000e+00
1.023437500000000000e+00
1.023437500000000000e+00
1.031250000000000000e+00
1.007812500000000000e+00
1.039062500000000000e+00
1.046875000000000000e+00
1.007812500000000000e+00
1.031250000000000000e+00
1.046875000000000000e+00
1.031250000000000000e+00
1.062500000000000000e+00
1.046875000000000000e+00
1.054687500000000000e+00
1.062500000000000000e+00
1.031250000000000000e+00
1.023437500000000000e+00
1.007812500000000000e+00
1.000000000000000000e+00
9.843750000000000000e-01
9.375000000000000000e-01
9.453125000000000000e-01
9.140625000000000000e-01
9.062500000000000000e-01
9.375000000000000000e-01
9.375000000000000000e-01
8.984375000000000000e-01
9.140625000000000000e-01
8.984375000000000000e-01
8.750000000000000000e-01
8.984375000000000000e-01
8.828125000000000000e-01
8.828125000000000000e-01
8.906250000000000000e-01
8.750000000000000000e-01
8.828125000000000000e-01
8.906250000000000000e-01
8.828125000000000000e-01
8.828125000000000000e-01
8.828125000000000000e-01
8.593750000000000000e-01
8.437500000000000000e-01
8.281250000000000000e-01
8.359375000000000000e-01
8.906250000000000000e-01
9.296875000000000000e-01
9.062500000000000000e-01
8.828125000000000000e-01
9.140625000000000000e-01
9.375000000000000000e-01
9.296875000000000000e-01
9.531250000000000000e-01
9.531250000000000000e-01
9.218750000000000000e-01
9.062500000000000000e-01
9.140625000000000000e-01
9.375000000000000000e-01
9.453125000000000000e-01
9.218750000000000000e-01
9.375000000000000000e-01
9.218750000000000000e-01
9.453125000000000000e-01
9.531250000000000000e-01
9.375000000000000000e-01
9.140625000000000000e-01
9.140625000000000000e-01
9.140625000000000000e-01
8.828125000000000000e-01
9.218750000000000000e-01
8.984375000000000000e-01
9.296875000000000000e-01
8.828125000000000000e-01
9.296875000000000000e-01
9.375000000000000000e-01
8.906250000000000000e-01
8.906250000000000000e-01
9.218750000000000000e-01
8.671875000000000000e-01
9.062500000000000000e-01
9.140625000000000000e-01
8.828125000000000000e-01
8.750000000000000000e-01
8.593750000000000000e-01
8.671875000000000000e-01
8.281250000000000000e-01
8.515625000000000000e-01
8.593750000000000000e-01
8.593750000000000000e-01
8.437500000000000000e-01
8.515625000000000000e-01
8.281250000000000000e-01
8.125000000000000000e-01
8.359375000000000000e-01
8.203125000000000000e-01
8.125000000000000000e-01
8.125000000000000000e-01
8.359375000000000000e-01
8.281250000000000000e-01
8.359375000000000000e-01
8.593750000000000000e-01
8.593750000000000000e-01
8.593750000000000000e-01
8.828125000000000000e-01
8.828125000000000000e-01
8.906250000000000000e-01
9.140625000000000000e-01
9.062500000000000000e-01
9.140625000000000000e-01
9.218750000000000000e-01
8.906250000000000000e-01
8.906250000000000000e-01
8.984375000000000000e-01
8.671875000000000000e-01
8.984375000000000000e-01
8.984375000000000000e-01
8.906250000000000000e-01
9.140625000000000000e-01
9.296875000000000000e-01
9.140625000000000000e-01
9.375000000000000000e-01
9.609375000000000000e-01
9.453125000000000000e-01
9.453125000000000000e-01
9.453125000000000000e-01
8.984375000000000000e-01
9.296875000000000000e-01
9.218750000000000000e-01
8.984375000000000000e-01
8.984375000000000000e-01
9.140625000000000000e-01
8.906250000000000000e-01
8.984375000000000000e-01
9.218750000000000000e-01
9.296875000000000000e-01
9.531250000000000000e-01
9.453125000000000000e-01
9.687500000000000000e-01
9.687500000000000000e-01
9.296875000000000000e-01
9.531250000000000000e-01
9.843750000000000000e-01
9.531250000000000000e-01
9.531250000000000000e-01
9.531250000000000000e-01
9.218750000000000000e-01
9.218750000000000000e-01
9.140625000000000000e-01
9.296875000000000000e-01
9.375000000000000000e-01
8.984375000000000000e-01
9.296875000000000000e-01
9.140625000000000000e-01
8.906250000000000000e-01
9.140625000000000000e-01
9.296875000000000000e-01
8.984375000000000000e-01
9.531250000000000000e-01
9.531250000000000000e-01
9.296875000000000000e-01
9.687500000000000000e-01
1.007812500000000000e+00
9.218750000000000000e-01
9.687500000000000000e-01
9.687500000000000000e-01
9.218750000000000000e-01
8.984375000000000000e-01
