6.484375000000000000e-01
6.640625000000000000e-01
6.328125000000000000e-01
6.328125000000000000e-01
6.250000000000000000e-01
6.171875000000000000e-01
6.328125000000000000e-01
6.015625000000000000e-01
6.093750000000000000e-01
5.859375000000000000e-01
6.171875000000000000e-01
6.093750000000000000e-01
6.484375000000000000e-01
6.718750000000000000e-01
6.953125000000000000e-01
7.031250000000000000e-01
7.500000000000000000e-01
7.421875000000000000e-01
7.656250000000000000e-01
7.109375000000000000e-01
6.796875000000000000e-01
6.640625000000000000e-01
6.328125000000000000e-01
6.484375000000000000e-01
6.328125000000000000e-01
6.171875000000000000e-01
6.250000000000000000e-01
6.328125000000000000e-01
6.171875000000000000e-01
6.562500000000000000e-01
7.265625000000000000e-01
7.109375000000000000e-01
7.109375000000000000e-01
6.796875000000000000e-01
6.562500000000000000e-01
6.484375000000000000e-01
6.328125000000000000e-01
6.250000000000000000e-01
6.250000000000000000e-01
6.171875000000000000e-01
6.171875000000000000e-01
6.328125000000000000e-01
6.406250000000000000e-01
6.250000000000000000e-01
6.406250000000000000e-01
6.250000000000000000e-01
6.406250000000000000e-01
6.406250000000000000e-01
6.640625000000000000e-01
6.875000000000000000e-01
6.796875000000000000e-01
6.640625000000000000e-01
7.109375000000000000e-01
7.343750000000000000e-01
7.109375000000000000e-01
7.265625000000000000e-01
7.187500000000000000e-01
6.953125000000000000e-01
7.031250000000000000e-01
7.187500000000000000e-01
7.265625000000000000e-01
7.109375000000000000e-01
7.031250000000000000e-01
7.109375000000000000e-01
6.796875000000000000e-01
6.875000000000000000e-01
7.265625000000000000e-01
7.578125000000000000e-01
7.578125000000000000e-01
7.578125000000000000e-01
7.578125000000000000e-01
7.500000000000000000e-01
7.421875000000000000e-01
7.109375000000000000e-01
6.953125000000000000e-01
6.796875000000000000e-01
6.875000000000000000e-01
6.718750000000000000e-01
6.796875000000000000e-01
6.562500000000000000e-01
6.562500000000000000e-01
6.718750000000000000e-01
6.796875000000000000e-01
6.875000000000000000e-01
6.796875000000000000e-01
7.109375000000000000e-01
7.031250000000000000e-01
6.875000000000000000e-01
6.796875000000000000e-01
6.796875000000000000e-01
6.718750000000000000e-01
6.640625000000000000e-01
6.718750000000000000e-01
7.031250000000000000e-01
7.031250000000000000e-01
6.953125000000000000e-01
7.031250000000000000e-01
7.031250000000000000e-01
6.875000000000000000e-01
6.953125000000000000e-01
6.875000000000000000e-01
6.718750000000000000e-01
6.875000000000000000e-01
6.484375000000000000e-01
6.640625000000000000e-01
6.640625000000000000e-01
6.250000000000000000e-01
6.640625000000000000e-01
6.562500000000000000e-01
6.406250000000000000e-01
6.484375000000000000e-01
6.406250000000000000e-01
6.718750000000000000e-01
6.562500000000000000e-01
6.640625000000000000e-01
6.484375000000000000e-01
6.562500000000000000e-01
6.562500000000000000e-01
6.406250000000000000e-01
6.562500000000000000e-01
6.562500000000000000e-01
6.328125000000000000e-01
6.562500000000000000e-01
6.640625000000000000e-01
6.640625000000000000e-01
6.796875000000000000e-01
6.640625000000000000e-01
6.718750000000000000e-01
6.953125000000000000e-01
7.109375000000000000e-01
7.031250000000000000e-01
6.875000000000000000e-01
6.796875000000000000e-01
6.328125000000000000e-01
6.328125000000000000e-01
6.328125000000000000e-01
6.328125000000000000e-01
6.250000000000000000e-01
6.250000000000000000e-01
6.171875000000000000e-01
6.250000000000000000e-01
6.171875000000000000e-01
6.093750000000000000e-01
6.171875000000000000e-01
6.015625000000000000e-01
6.171875000000000000e-01
6.171875000000000000e-01
6.093750000000000000e-01
6.171875000000000000e-01
6.250000000000000000e-01
6.250000000000000000e-01
6.171875000000000000e-01
6.406250000000000000e-01
6.093750000000000000e-01
6.250000000000000000e-01
6.250000000000000000e-01
5.937500000000000000e-01
6.406250000000000000e-01
6.093750000000000000e-01
6.093750000000000000e-01
6.328125000000000000e-01
6.093750000000000000e-01
5.859375000000000000e-01
6.093750000000000000e-01
6.093750000000000000e-01
5.937500000000000000e-01
5.859375000000000000e-01
6.093750000000000000e-01
5.937500000000000000e-01
5.937500000000000000e-01
6.015625000000000000e-01
6.171875000000000000e-01
6.015625000000000000e-01
6.093750000000000000e-01
6.328125000000000000e-01
6.171875000000000000e-01
6.328125000000000000e-01
6.250000000000000000e-01
6.015625000000000000e-01
6.328125000000000000e-01
6.250000000000000000e-01
6.093750000000000000e-01
6.093750000000000000e-01
6.171875000000000000e-01
6.171875000000000000e-01
6.171875000000000000e-01
6.250000000000000000e-01
6.484375000000000000e-01
6.640625000000000000e-01
6.718750000000000000e-01
6.640625000000000000e-01
6.484375000000000000e-01
6.328125000000000000e-01
6.406250000000000000e-01
6.093750000000000000e-01
5.859375000000000000e-01
5.703125000000000000e-01
5.781250000000000000e-01
6.171875000000000000e-01
6.015625000000000000e-01
6.093750000000000000e-01
6.328125000000000000e-01
6.562500000000000000e-01
6.484375000000000000e-01
6.718750000000000000e-01
6.718750000000000000e-01
6.640625000000000000e-01
6.796875000000000000e-01
6.953125000000000000e-01
6.640625000000000000e-01
6.718750000000000000e-01
6.640625000000000000e-01
6.406250000000000000e-01
6.796875000000000000e-01
6.406250000000000000e-01
6.484375000000000000e-01
6.406250000000000000e-01
6.640625000000000000e-01
6.328125000000000000e-01
6.484375000000000000e-01
6.406250000000000000e-01
6.328125000000000000e-01
6.250000000000000000e-01
6.328125000000000000e-01
6.250000000000000000e-01
6.640625000000000000e-01
5.937500000000000000e-01
6.250000000000000000e-01
6.250000000000000000e-01
6.250000000000000000e-01
6.093750000000000000e-01
6.171875000000000000e-01
6.250000000000000000e-01
6.093750000000000000e-01
6.171875000000000000e-01
5.937500000000000000e-01
5.937500000000000000e-01
6.250000000000000000e-01
6.093750000000000000e-01
6.093750000000000000e-01
6.015625000000000000e-01
6.093750000000000000e-01
6.015625000000000000e-01
6.171875000000000000e-01
6.328125000000000000e-01
6.328125000000000000e-01
6.796875000000000000e-01
6.640625000000000000e-01
6.640625000000000000e-01
6.796875000000000000e-01
6.562500000000000000e-01
6.640625000000000000e-01
6.562500000000000000e-01
6.171875000000000000e-01
6.250000000000000000e-01
6.328125000000000000e-01
6.250000000000000000e-01
6.171875000000000000e-01
6.250000000000000000e-01
6.171875000000000000e-01
6.250000000000000000e-01
6.171875000000000000e-01
6.093750000000000000e-01
6.484375000000000000e-01
6.562500000000000000e-01
6.953125000000000000e-01
7.187500000000000000e-01
7.812500000000000000e-01
7.578125000000000000e-01
7.812500000000000000e-01
7.890625000000000000e-01
7.734375000000000000e-01
7.265625000000000000e-01
7.109375000000000000e-01
6.796875000000000000e-01
6.484375000000000000e-01
6.562500000000000000e-01
6.328125000000000000e-01
6.796875000000000000e-01
7.578125000000000000e-01
8.046875000000000000e-01
8.046875000000000000e-01
7.812500000000000000e-01
7.656250000000000000e-01
7.812500000000000000e-01
7.812500000000000000e-01
7.421875000000000000e-01
7.265625000000000000e-01
7.187500000000000000e-01
6.875000000000000000e-01
6.718750000000000000e-01
6.484375000000000000e-01
6.875000000000000000e-01
7.187500000000000000e-01
7.968750000000000000e-01
8.593750000000000000e-01
8.828125000000000000e-01
8.515625000000000000e-01
8.203125000000000000e-01
7.968750000000000000e-01
7.265625000000000000e-01
7.265625000000000000e-01
7.031250000000000000e-01
7.031250000000000000e-01
6.796875000000000000e-01
6.562500000000000000e-01
6.562500000000000000e-01
6.484375000000000000e-01
6.640625000000000000e-01
6.796875000000000000e-01
6.796875000000000000e-01
6.640625000000000000e-01
6.328125000000000000e-01
6.406250000000000000e-01
6.562500000000000000e-01
6.328125000000000000e-01
6.796875000000000000e-01
6.796875000000000000e-01
7.343750000000000000e-01
7.109375000000000000e-01
7.109375000000000000e-01
7.421875000000000000e-01
7.656250000000000000e-01
7.734375000000000000e-01
7.890625000000000000e-01
7.421875000000000000e-01
7.421875000000000000e-01
7.031250000000000000e-01
7.109375000000000000e-01
7.265625000000000000e-01
7.265625000000000000e-01
7.265625000000000000e-01
7.343750000000000000e-01
7.343750000000000000e-01
6.953125000000000000e-01
6.953125000000000000e-01
7.265625000000000000e-01
7.421875000000000000e-01
7.421875000000000000e-01
7.187500000000000000e-01
6.718750000000000000e-01
7.031250000000000000e-01
7.265625000000000000e-01
7.031250000000000000e-01
7.031250000000000000e-01
7.109375000000000000e-01
7.187500000000000000e-01
7.187500000000000000e-01
7.187500000000000000e-01
7.343750000000000000e-01
7.343750000000000000e-01
7.421875000000000000e-01
7.578125000000000000e-01
7.812500000000000000e-01
7.968750000000000000e-01
7.968750000000000000e-01
7.890625000000000000e-01
7.500000000000000000e-01
7.109375000000000000e-01
7.187500000000000000e-01
7.656250000000000000e-01
7.656250000000000000e-01
7.734375000000000000e-01
8.125000000000000000e-01
8.203125000000000000e-01
8.125000000000000000e-01
7.812500000000000000e-01
7.890625000000000000e-01
7.890625000000000000e-01
7.812500000000000000e-01
7.968750000000000000e-01
8.125000000000000000e-01
8.281250000000000000e-01
8.203125000000000000e-01
8.281250000000000000e-01
8.437500000000000000e-01
8.515625000000000000e-01
8.281250000000000000e-01
8.359375000000000000e-01
8.359375000000000000e-01
8.203125000000000000e-01
8.046875000000000000e-01
7.968750000000000000e-01
8.125000000000000000e-01
8.046875000000000000e-01
7.890625000000000000e-01
7.968750000000000000e-01
7.968750000000000000e-01
7.812500000000000000e-01
7.656250000000000000e-01
7.734375000000000000e-01
7.578125000000000000e-01
7.656250000000000000e-01
7.343750000000000000e-01
7.500000000000000000e-01
7.500000000000000000e-01
7.578125000000000000e-01
7.343750000000000000e-01
7.421875000000000000e-01
7.343750000000000000e-01
7.500000000000000000e-01
7.500000000000000000e-01
7.421875000000000000e-01
7.343750000000000000e-01
7.578125000000000000e-01
7.656250000000000000e-01
7.500000000000000000e-01
7.343750000000000000e-01
7.343750000000000000e-01
7.265625000000000000e-01
7.187500000000000000e-01
7.031250000000000000e-01
6.796875000000000000e-01
6.796875000000000000e-01
6.875000000000000000e-01
7.031250000000000000e-01
7.343750000000000000e-01
7.109375000000000000e-01
7.031250000000000000e-01
6.875000000000000000e-01
7.265625000000000000e-01
7.500000000000000000e-01
7.578125000000000000e-01
7.578125000000000000e-01
7.734375000000000000e-01
7.656250000000000000e-01
7.656250000000000000e-01
7.500000000000000000e-01
7.421875000000000000e-01
7.343750000000000000e-01
7.265625000000000000e-01
7.265625000000000000e-01
7.421875000000000000e-01
7.500000000000000000e-01
7.734375000000000000e-01
7.812500000000000000e-01
